name: TexView
channels:
  - conda-forge
dependencies:
  - bzip2=1.0.8=h2466b09_7
  - ca-certificates=2025.7.14=h4c7d964_0
  - libexpat=2.7.1=hac47afa_0
  - libffi=3.4.6=h537db12_1
  - liblzma=5.8.1=h2466b09_2
  - libmpdec=4.0.0=h2466b09_0
  - libsqlite=3.50.3=hf5d6505_1
  - libzlib=1.3.1=h2466b09_2
  - openssl=3.5.1=h725018a_0
  - pip=25.1.1=pyh145f28c_0
  - python=3.13.5=h7de537c_102_cp313
  - python_abi=3.13=8_cp313
  - tk=8.6.13=h2c6b04d_2
  - tzdata=2025b=h78e105d_0
  - ucrt=10.0.22621.0=h57928b3_1
  - vc=14.3=h41ae7f8_31
  - vc14_runtime=14.44.35208=h818238b_31
  - vcomp14=14.44.35208=h818238b_31
prefix: C:\Users\paulf\miniforge3\envs\TexView
